3.724621707621071642e-02
5.091688040506802126e-01
6.377162685638479989e-01
1.078802684729510131e-01
2.399183776063553222e-02
4.207074067509256748e-03
2.629401190262945373e-13
5.667266629166042291e-01
1.144235361650629557e-01
3.613934351991238744e-03
1.182167568626199886e-02
1.296452999013091856e-01
7.619492505943764593e-04
2.517265676102098393e-01
3.328416092991763462e-05
5.280572666076250449e-02
1.695638283319940431e-01
6.642919564714669933e-01
3.721633991031402244e-01
3.578618162384192974e-02
1.430877544028658598e-02
3.534485661555144403e-02
6.051814722417354631e-01
5.952568678634010402e-01
9.603079945435373521e-02
2.157036776444043180e-01
1.708699894897872541e-03
2.425770187048031934e-02
2.235757288805838641e-02
1.611215774931734623e-01
2.083335765250456453e-02
1.816855776437162062e-01
4.214280650361049152e-02
1.667962637728315767e-01
1.359510121489420353e-01
3.935393953132030331e-01
4.673527053560171812e-02
9.645143902412651737e-01
3.477273437768620967e-01
8.054623282790517036e-02
1.965872452789242941e-01
9.391946972823632667e-01
2.024233691764265597e-01
1.061995851065782731e-01
5.968820084688818139e-06
4.884568898833192147e-02
4.279421650159908053e-01
6.709011169811920916e-02
5.588644636888544931e-02
6.324737235447357442e-01
8.582854168921619786e-01
4.706447371797495283e-01
6.742260721788235767e-01
9.013950547742634045e-01
7.703331863519239375e-01
9.938398536081578527e-01
5.770718874518028230e-01
5.331513559074754216e-01
8.755262168147641688e-01
9.150297720504955157e-01
9.601454427682636350e-01
8.701721905759539633e-01
2.984082027796572945e-01
9.900729953781750581e-01
9.379079776515210076e-01
9.704415188912901558e-01
9.439106541639554759e-01
7.980490201881211831e-01
7.740499295250634626e-01
9.426567403542001067e-01
9.956759563522141754e-01
6.540104085514514276e-01
8.996010971408171519e-01
8.545461899835198327e-01
9.450208479675566986e-01
9.444869442442722640e-01
9.901409546570685283e-01
9.168399663231234786e-01
9.904658189090822518e-01
5.577124593583439038e-01
2.598927423308864393e-01
9.962462803849339021e-01
9.056714816128432766e-01
9.870042371563930717e-01
8.895344382077947643e-01
9.649981230040127755e-01
9.678673314428749563e-01
9.058836759531586624e-01
9.314856670019961982e-01
9.047489428779175169e-01
5.478486661925926482e-01
8.113431465654930008e-01
7.771152644598517956e-01
8.164333158221035447e-01
9.184760170440465776e-01
9.353091274147566914e-01
9.604971111077100776e-01
9.202287349698307084e-01
9.556127854681599754e-01
8.075670671967608572e-01
