2.194215283502532875e-03
2.988515616254662777e-01
4.111527246044498207e-02
3.082347346979050218e-02
1.034054078386235226e-02
1.178755094473299264e-01
2.941260769021820931e-02
2.862485962360478316e-03
3.175084792465902167e-02
6.836843448386377420e-02
1.774374253480438032e-03
1.207694662620485138e-01
2.157125165236384312e-02
1.208964623864502118e-02
6.949683741382738740e-04
5.548438435966607241e-01
2.502465781237964149e-01
2.745508997908401223e-04
4.159720439232060529e-02
3.576864913026929493e-02
5.425915178431035824e-02
1.216364090213909854e-03
6.645715379464359196e-03
1.624588812273934646e-02
2.165033548998382684e-01
2.313358473755821321e-01
3.252131715127553058e-01
5.047043605254315501e-01
1.045723113716964248e-01
2.432864296150324609e-02
7.133234219720024916e-02
9.209195939817793608e-01
8.962585590389126056e-01
1.365408662748449908e-01
2.932510185380787782e-02
2.969191846894251707e-03
1.291750667068580598e-02
8.709514704806593094e-03
1.142635490630553724e-02
2.025492756180552190e-01
3.763251710108962006e-02
2.468383156288847958e-03
9.785363664841240094e-02
7.186405323825355296e-02
5.944141535411741860e-03
2.887939874013607522e-01
1.973987265873525243e-01
1.898096659420661636e-02
4.349597793420763954e-04
2.461889882855138739e-02
9.801787485199926486e-01
9.855273829638754313e-01
9.952548031931649497e-01
5.900180616721178994e-01
7.265767502383020382e-01
4.967744565195715278e-01
7.951770515846019738e-02
5.652402236849654038e-01
9.911800144701463644e-01
9.985302939948709211e-01
7.562245511348610894e-01
9.978122003247853478e-01
9.356733629465942004e-01
8.600381578449435294e-01
2.395565702011373810e-01
9.924260319262334651e-01
9.096062224061058910e-01
9.965478361349265901e-01
9.923055049926887694e-01
4.241796789836659309e-01
9.863313565846560937e-01
9.951836217360969794e-01
9.996827132766368251e-01
9.841853866101339943e-01
7.497862471354618252e-01
7.483952967909740517e-01
9.940878290303193365e-01
9.870197893013828994e-01
9.522927376564589430e-01
9.182363434861601226e-01
2.488649699321871800e-01
9.586045594777647949e-01
6.828541669668959369e-01
8.851773021777973316e-01
9.987306673699778425e-01
9.918873050932303093e-01
9.338777720352879896e-01
9.923132584962808256e-01
9.871585701401648372e-01
7.181246254618448566e-01
9.291042815676049393e-01
9.325333295166656766e-01
4.449773684713522193e-01
9.990989207192545463e-01
9.331302547877259324e-01
8.770289096154699759e-01
9.826877333248582591e-01
9.934716651819694988e-01
9.993681181801302715e-01
9.260210398306522039e-01
