12006359.865814
2830304.035794
20532139.360949
1606325.278938
478492.939393
5704208.274982
688780.933874
482251.405788
1907783.354630
113304.579481
4191733.190943
496433.052052
4190066.408318
1847737.047123
146332.455416
1168041.064899
1589828.986111
3150426.356450
407808.714644
123087.125459
2118074.663506
118172.259723
1183542.426315
4787888.000518
578719.019499
9577052.209504
409540.261686
1099225.183730
1744305.127907
1470513.865348
495006.082687
3469182.322554
5676085.607323
24968671.656119
465047.975523
14631156.193042
777431.473888
1288722.743128
454204.883300
10176003.793182
2684865.667254
7236545.492222
460004.466916
203662.535338
3453169.349618
10849745.570455
6564002.796767
344431.834801
995118.049563
1477675.329311
1527827.682298
227869.603428
4057160.681177
218471.580096
2127614.235225
352323.915996
5847000.609113
4574771.246865
2959983.894560
696494.949110
10985399.725730
4080169.330841
3985756.637419
318759.485149
345688.644332
2808170.114089
382858.689330
13829658.628682
656929.125436
905131.520893
267496.630696
252489.629329
344813.425925
1606853.343218
799660.344175
1960281.353395
854332.473892
10705262.646183
1947607.028858
3753992.930986
2219730.544999
7460248.309918
4392554.034591
8100288.490381
3009878.189147
310063.922309
432371.766633
931940.034223
443344.764757
1482462.168948
878783.039032
2237344.642067
2913535.621781
215715.438339
296844.552530
196939.632647
4728163.785493
1979565.732916
1152511.629931
543331.784918
1659575.403859
315477.028449
347105.096627
5756034.289906
6790654.257287
1080147.227183
2614995.445803
2730269.171023
260084.121214
645731.495745
6699164.822684
338815.638396
8309816.630402
3907637.561579
1555622.148524
760543.814350
532340.061912
2419664.396315
3747549.730435
1438822.194639
8534001.936831
1467963.493595
3825150.060120
169937.217683
723638.240179
3115648.787390
261633.063826
7606354.654564
1573735.692190
1604086.831515
757890.391003
9451245.182335
11603801.783307
181636.345282
152972.381754
723029.916309
11080676.323144
140534.686058
208376.568202
475580.147534
4300476.071555
2673721.103303
265232.378318
363344.332989
5173569.074891
133685.283644
241222.139462
3474183.235528
190480.459502
156284.967815
370120.393250
134246.286922
240002.605245
1259666.620484
8208585.633024
741640.333729
9062564.700363
5473134.291745
3092389.352870
10360333.798666
1974340.146321
14611689.126724
5369110.194302
557296.693254
1031267.677369
18358388.630632
65947.182518
2303041.946330
1118690.008170
4044920.159481
1157006.782370
1377186.031598
3982038.062277
1278281.680553
5428620.165414
5490404.980103
15069338.028460
415809.337831
550952.657108
2270224.328672
2108605.355737
190174.051020
3336989.633305
1027456.911078
8822637.996799
370316.116374
33141519.697265
537101.894431
27702047.357708
1133109.633899
2084402.515736
3286655.384783
382791.796042
1150556.703398
697079.874993
510574.490433
9407808.944130
305450.309444
4350040.215240
313847.664213
613216.068770
20715992.823559
4361987.084255
73652.157979
15670367.980628
442742.646051
19689224.249116
5696881.706582
1225554.525452
15587646.193594
1820642.997844
1797319.808423
1043858.984797
472075.431508
178692.094996
815215.223504
15194206.127537
3139693.579391
195811.508869
1226328.087824
8752371.040180
8848089.587131
568208.860109
334697.636488
9110441.904186
180540.122808
4498325.290146
271951.768130
2253182.272743
1806372.168859
111608.139419
132219.316190
2599853.586012
6821317.148527
5021790.835337
16363817.481341
360300.421926
1367848.358778
257890.399037
562311.664128
317230.693121
958175.711408
2181107.527021
654680.163628
13313788.453173
5726307.027574
11603279.041726
142556.810483
401385.353622
3277602.360708
