12006360
2830304
20532139
1606325
478493
5704208
688781
482251
1907783
113305
4191733
496433
4190066
1847737
146332
1168041
1589829
3150426
407809
123087
2118075
118172
1183542
4787888
578719
9577052
409540
1099225
1744305
1470514
495006
3469182
5676086
24968672
465048
14631156
777431
1288723
454205
10176004
2684866
7236545
460004
203663
3453169
10849746
6564003
344432
995118
1477675
1527828
227870
4057161
218472
2127614
352324
5847001
4574771
2959984
696495
10985400
4080169
3985757
318759
345689
2808170
382859
13829659
656929
905132
267497
252490
344813
1606853
799660
1960281
854332
10705263
1947607
3753993
2219731
7460248
4392554
8100288
3009878
310064
432372
931940
443345
1482462
878783
2237345
2913536
215715
296845
196940
4728164
1979566
1152512
543332
1659575
315477
347105
5756034
6790654
1080147
2614995
2730269
260084
645731
6699165
338816
8309817
3907638
1555622
760544
532340
2419664
3747550
1438822
8534002
1467963
3825150
169937
723638
3115649
261633
7606355
1573736
1604087
757890
9451245
11603802
181636
152972
723030
11080676
140535
208377
475580
4300476
2673721
265232
363344
5173569
133685
241222
3474183
190480
156285
370120
134246
240003
1259667
8208586
741640
9062565
5473134
3092389
10360334
1974340
14611689
5369110
557297
1031268
18358389
65947
2303042
1118690
4044920
1157007
1377186
3982038
1278282
5428620
5490405
15069338
415809
550953
2270224
2108605
190174
3336990
1027457
8822638
370316
33141520
537102
27702047
1133110
2084403
3286655
382792
1150557
697080
510574
9407809
305450
4350040
313848
613216
20715993
4361987
73652
15670368
442743
19689224
5696882
1225555
15587646
1820643
1797320
1043859
472075
178692
815215
15194206
3139694
195812
1226328
8752371
8848090
568209
334698
9110442
180540
4498325
271952
2253182
1806372
111608
132219
2599854
6821317
5021791
16363817
360300
1367848
257890
562312
317231
958176
2181108
654680
13313788
5726307
11603279
142557
401385
3277602
